function xs = net22(satd4)
    weight_c1 = [
            [6.6520e-05, -3.0500e-04, -4.8900e-04, -4.9320e-05];
            [-3.6500e-05, -1.4440e-04, -7.0200e-05, -2.0980e-05];
            [9.7100e-05, 1.9288e-05, 1.0772e-04, 1.4660e-04];
            [2.8800e-04, -5.7900e-02, -3.6760e-03, 5.3860e-03];
            [8.8320e-02, -4.6680e-02, -5.7060e-02, -1.1290e-02];
            [-1.4880e-04, -1.7396e-05, -1.1590e-04, -1.0224e-04];
            [-8.0440e-05, -1.1010e-05, 1.0278e-04, -9.0580e-05];
            [-8.0060e-02, 2.7000e-02, 2.5400e-02, 1.4042e-03];
            [-7.9400e-05, 3.3720e-05, -7.6860e-04, -1.7798e-04];
            [-4.7640e-05, 1.1444e-04, -1.4404e-04, -3.1780e-04];
            [-4.2740e-03, 3.1380e-02, 6.4880e-02, -1.3062e-01];
            [-1.4428e-05, 1.6652e-06, -3.9580e-05, -2.8900e-05];
            [2.9940e-02, -1.4088e-01, 2.3340e-02, 5.4540e-02];
            [-8.4420e-05, 7.7940e-05, -3.3480e-04, -7.5800e-05];
            [7.4360e-04, 3.8160e-02, -1.1932e-01, 3.6960e-02];
            [-1.4368e-04, 7.5080e-05, 1.0798e-04, 1.7382e-04]
            ]';
    bias_c1 = [-1.154, -0.8745, -2.38, -9.22, -2.516, -0.726, -1.245, -5.203, -2.576, -0.8135, -0.365, -1.256, -1.855, -1.379, -1.276, -1.166];

    weight_c2 = [[6.1073e-03, 4.8141e-03, 6.7101e-03, 3.1109e-03, 2.3079e-03, 9.9754e-04, 1.8091e-03, 4.4594e-03, 7.4120e-03, 2.6369e-04, 2.1343e-03, 1.8997e-03, 1.4372e-03, 7.2975e-03, 4.6272e-03, 1.1330e-03];
            [-1.0727e-02, -9.1705e-03, -3.6812e-03, -1.4458e-02, -7.4654e-03, -5.7831e-03, -1.7410e-02, -1.5991e-02, -2.7847e-03, -1.0788e-02, -1.3618e-02, -1.2260e-02, -1.6373e-02, -8.6365e-03, -1.3924e-02, -1.2138e-02];
            [-5.2528e-03, -6.3362e-03, -1.2932e-02, 5.9462e-04, -3.6850e-03, -3.3092e-03, 2.5654e-04, -8.4915e-03, -1.0521e-02, 4.6425e-03, -3.7117e-03, -5.4016e-03, 8.7833e-04, -1.1177e-02, -1.3443e-02, -3.2520e-03];
            [9.1851e-05, -5.7716e-03, -1.6546e-03, -1.1871e-02, -2.2995e-02, -9.7275e-03, -4.8981e-03, -3.8208e-02, -3.1433e-03, -3.1872e-03, -6.9580e-02, 1.6918e-03, -5.1514e-02, -1.6754e-02, -3.3142e-02, -1.1093e-02];
            [-6.1369e-04, 1.0292e-02, 3.8544e-02, -2.7710e-02, -6.8176e-02, 1.1841e-02, 1.1787e-02, -3.0441e-02, 2.1530e-02, -1.3527e-02, -1.0565e-01, 8.2064e-04, -3.4332e-02, -4.7028e-02, -3.0731e-02, -3.2135e-02];
            [-2.3403e-03, -1.5659e-03, -9.5272e-04, -1.0157e-03, -2.3022e-03, 2.2435e-04, 5.2214e-04, -2.6779e-03, -8.6975e-04, 2.4509e-04, -1.5478e-03, -2.5177e-03, -1.2140e-03, -4.7722e-03, -4.5891e-03, -1.3123e-03];
            [-5.8060e-03, -1.3914e-03, 6.4774e-03, -1.0963e-02, -1.2085e-02, 4.2610e-03, -1.8816e-03, -3.7594e-03, 7.9193e-03, 1.9045e-03, -1.2672e-02, -2.3537e-03, -8.9645e-03, -1.1997e-03, -1.1314e-02, -1.6451e-03];
            [-1.6661e-03, 2.1782e-03, 1.1301e-03, -8.6975e-03, -1.0971e-02, 1.5688e-03, 2.7370e-03, 2.2141e-02, -5.7507e-04, 2.7847e-03, -7.2670e-03, -2.3193e-03, 7.3357e-03, 1.0262e-02, 2.4166e-03, 2.5063e-03];
            [-1.9882e-02, -8.9722e-03, -2.0203e-02, -2.8591e-03, -2.5883e-03, -6.1417e-03, -6.5346e-03, -1.1238e-02, -1.5503e-02, -2.6631e-04, -1.3634e-02, -5.7831e-03, -1.3123e-02, -1.8036e-02, -9.2773e-03, -2.6875e-03];
            [1.3232e-05, 3.2008e-05, 1.0622e-04, -4.5359e-05, 7.0333e-06, 1.1921e-06, -1.2875e-05, 5.5969e-05, 1.3006e-04, -5.4538e-05, -9.1374e-05, 4.5419e-05, -4.0174e-05, 1.0127e-04, 5.7399e-05, -1.1736e-04];
            [-5.2872e-03, -1.1681e-02, -7.8888e-03, -3.4119e-02, -2.8595e-02, -2.8114e-03, -2.4124e-02, -1.9104e-02, 2.2774e-03, -3.1433e-02, -2.2629e-02, -1.1986e-02, -2.0390e-03, -1.4290e-02, -1.8768e-02, -4.5258e-02];
            [1.7881e-03, 8.6136e-03, 1.4732e-02, 9.1324e-03, 5.4321e-03, 5.2452e-03, -5.2567e-03, 1.4778e-02, 1.6846e-02, -1.4563e-03, -6.3133e-04, 3.6411e-03, -4.2458e-03, 9.4147e-03, 1.6968e-02, 3.9215e-03];
            [-6.0892e-04, 7.1068e-03, -1.7639e-02, 1.6495e-02, 1.0712e-02, 5.1994e-03, -4.2009e-04, 2.5177e-03, -2.9434e-02, 1.0254e-02, -1.3855e-02, 5.5027e-04, 1.5732e-02, -2.4033e-02, -4.1428e-03, -2.6665e-03];
            [-4.1542e-03, -2.8000e-03, -4.7264e-03, -9.9106e-03, -6.6566e-03, -1.0357e-03, -7.8011e-03, -1.5045e-02, -7.5519e-05, -4.4441e-03, -1.5404e-02, -5.6915e-03, -1.3275e-02, -2.7847e-03, -7.4959e-03, -4.6310e-03];
            [-3.0346e-03, -3.1071e-03, -1.1337e-02, -5.1416e-01, -9.6741e-02, 7.4959e-04, -6.2256e-03, -9.2834e-02, -5.3864e-03, -2.8267e-03, -1.2024e-01, 3.0098e-03, -7.8552e-02, -4.1275e-03, -1.1084e-01, -2.2907e-03];
            [-1.1360e-02, -7.0763e-03, -2.1881e-02, -7.5951e-03, -1.1307e-02, 7.5798e-03, 1.0643e-02, -1.4046e-02, -2.0599e-02, 2.3422e-03, -7.1907e-03, -1.4008e-02, 2.2924e-04, -2.3331e-02, -2.5223e-02, 4.8981e-03]]';
    bias_c2 = [-0.9546, -0.515, -0.783, -4.67, -2.03, -0.5664, -0.2783, -4.027, -0.6357, -0.8154, -0.534, -1.263, -2.354, -0.3782, 0.955, -1.1045];
    weight_linear = [[0.1781, 0.1356, 0.1343, 1.693, 1.667, -0.1766, 0.0435, -0.55, 0.3826, -0.1797, -0.3396, 0.3752, 0.9927, 0.05652, 0.5522, 0.005028];
                [-0.4626, -0.02362, -0.418, -2.135, -1.787, 0.11365, 0.04123, 0.3188, -0.2489, 0.6016, 0.05252, -0.0651, -1.281, 0.0721, -0.6055, 0.1586]]';
    bias_linear = [-0.4788, 0.1405];

    xs = satd4 * weight_c1;
    xs = xs + bias_c1;
    xs = (xs > 0) .* xs;
    xs = xs * weight_c2;
    xs = xs + bias_c2;
    xs = (xs > 0) .* xs;
    xs = xs * weight_linear;
    xs = xs + bias_linear;
    xs = xs(1) - xs(2);
end
